digraph {
	1
	2
	3
	4
	5
	6
	7
	8
	9
	10
	11
	12
	13
	14
	15
	16
	17
	18
	19
	20
	21
	22
	23
	24
	25
	26
	27
	28
	29
	30
	31
	32
	33
	34
	35
	36
	37
	38
	39
	40
	41
	42
	43
	44
	45
	46
	47
	48
	49
	50
		1 -> 2
		1 -> 3
		1 -> 4
		1 -> 5
		1 -> 6
		1 -> 7
		1 -> 8
		1 -> 9
		1 -> 10
		1 -> 11
		1 -> 12
		1 -> 13
		1 -> 14
		1 -> 15
		1 -> 16
		1 -> 17
		1 -> 18
		1 -> 19
		1 -> 20
		1 -> 21
		5 -> 22
		5 -> 23
		5 -> 24
		5 -> 25
		5 -> 26
		5 -> 27
		5 -> 28
		5 -> 29
		5 -> 30
		5 -> 31
		5 -> 32
		5 -> 33
		5 -> 34
		5 -> 35
		5 -> 36
		5 -> 37
		5 -> 38
		5 -> 39
		5 -> 40
		5 -> 41
		5 -> 42
		5 -> 43
		5 -> 44
		5 -> 45
		5 -> 46
		5 -> 47
		5 -> 48
		5 -> 49
		5 -> 50
}